Band selection results
Number of bands is 10
Houston 
1	4	7	13	22	34	40	49	61	103
Jasper Ridge 
1	5	9	19	23	45	57	63	69	75
Urban 
1	7	13	23	29	35	45	66	115	127
Number of bands is 20
Houston 
1	3	6	8	11	19	30	32	37	39	43	48	50	60	68	74	82	85	96	98
Jasper Ridge 
1	3	5	17	19	21	27	39	41	43	47	49	53	55	59	63	69	75	79	83
Urban (Number of bands is 18)
1	4	8	16	19	26	38	48	52	56	60	70	89	92	96	104	108	122
Number of bands is 30
Houston
1	3	5	7	9	13	17	23	27	29	33	35	41	47	50	52	54	56	58	64	66	70	78	80	90	92	104	115	117	144
Jasper Ridge
1	3	5	7	9	11	15	19	21	23	27	29	37	41	43	45	49	55	63	67	71	73	79	81	85	89	95	116	164	170
Urban  
1	4	7	9	12	14	20	27	33	39	42	47	52	58	64	72	78	81	84	87	96	104	112	114	119	131	139	147	152	154

